5
data/MODEL/house000.x
data/MODEL/house001.x
data/MODEL/house002.x
data/MODEL/house003.x
data/MODEL/utilityPole.x
223
14 0 0.00 1125.00 0.00 0.04 -0.00 -0.03 0.11
14 0 0.00 1125.00 0.00 0.04 0.00 -0.13 0.27
14 0 0.00 1125.00 0.00 0.04 0.01 -0.22 0.45
14 0 0.00 1125.00 0.00 0.51 0.50 -0.47 2.04
14 0 0.00 1125.00 0.00 0.53 0.47 -0.44 1.98
14 0 0.00 1125.00 0.00 0.56 0.44 -0.40 1.92
14 0 0.00 1125.00 0.00 0.50 0.47 -0.39 1.80
14 0 0.00 1125.00 0.00 0.47 0.50 -0.43 1.87
14 0 0.00 1125.00 0.00 0.55 0.42 -0.27 1.67
14 0 0.00 1125.00 0.00 0.53 0.38 -0.18 1.49
14 0 0.00 1125.00 0.00 0.60 0.33 -0.14 1.55
14 0 0.00 1125.00 0.00 0.58 0.27 -0.04 1.39
14 0 0.00 1125.00 0.00 0.54 0.27 -0.03 1.30
14 0 0.00 1125.00 0.00 0.43 0.32 -0.02 1.13
14 0 0.00 1125.00 0.00 0.41 0.34 -0.04 1.13
14 0 0.00 1125.00 0.00 0.40 0.35 -0.07 1.14
14 0 0.00 1125.00 0.00 0.29 0.36 -0.02 0.96
14 0 0.00 1125.00 0.00 0.24 0.37 -0.03 0.92
14 0 0.00 1125.00 0.00 0.42 0.58 -0.27 1.74
14 0 0.00 1125.00 0.00 0.42 0.57 -0.22 1.67
14 0 0.00 1125.00 0.00 0.35 0.60 -0.21 1.64
14 0 0.00 1125.00 0.00 0.36 0.60 -0.28 1.71
14 1 0.00 1125.00 0.00 0.22 0.55 0.11 1.30
14 1 0.00 1125.00 0.00 0.57 0.41 0.29 1.73
14 1 0.00 1125.00 0.00 0.54 0.42 0.28 1.65
14 1 0.00 1125.00 0.00 0.29 0.83 0.19 2.22
14 1 0.00 1125.00 0.00 0.60 0.73 0.23 2.67
14 1 0.00 1125.00 0.00 0.55 0.64 0.39 2.42
14 1 0.00 1125.00 0.00 0.47 0.74 0.25 2.30
14 2 0.00 1125.00 0.00 -0.36 -0.93 0.01 3.35
14 2 0.00 1125.00 0.00 -0.61 -0.67 -0.33 3.70
14 3 0.00 1125.00 0.00 -0.14 0.08 0.23 5.72
14 3 0.00 1125.00 0.00 -0.15 0.07 0.28 5.63
14 3 0.00 1125.00 0.00 -0.44 -0.02 0.03 5.37
14 3 0.00 1125.00 0.00 -0.51 -0.01 0.03 5.20
6 4 0.00 1125.00 0.00 -0.23 -0.21 0.40 5.23
6 4 0.00 1125.00 0.00 -0.29 -0.18 0.60 4.77
6 4 0.00 1125.00 0.00 -0.20 -0.22 0.51 5.01
6 4 0.00 1125.00 0.00 -0.43 -0.06 0.42 4.99
6 4 0.00 1125.00 0.00 -0.32 -0.09 0.34 5.30
6 4 0.00 1125.00 0.00 -0.26 -0.06 0.21 5.59
6 4 0.00 1125.00 0.00 -0.12 -0.10 0.24 5.70
6 4 0.00 1125.00 0.00 -0.14 -0.07 0.04 5.95
6 4 0.00 1125.00 0.00 -0.32 -0.05 0.06 5.61
6 4 0.00 1125.00 0.00 -0.44 -0.06 0.17 5.28
6 4 0.00 1125.00 0.00 -0.57 -0.01 0.07 5.07
6 4 0.00 1125.00 0.00 -0.60 -0.06 0.21 4.90
6 4 0.00 1125.00 0.00 -0.68 0.04 0.11 4.75
6 4 0.00 1125.00 0.00 -0.37 -0.23 0.43 4.96
6 4 0.00 1125.00 0.00 0.05 -0.00 0.07 0.17
6 4 0.00 1125.00 0.00 0.15 0.00 0.13 0.41
6 4 0.00 1125.00 0.00 0.09 -0.02 0.21 0.47
6 4 0.00 1125.00 0.00 0.24 0.02 0.24 0.70
6 4 0.00 1125.00 0.00 0.13 0.13 0.36 0.83
6 4 0.00 1125.00 0.00 0.21 0.14 0.45 1.09
6 4 0.00 1125.00 0.00 0.34 0.21 0.43 1.25
6 4 0.00 1125.00 0.00 0.33 0.27 0.31 1.11
6 4 0.00 1125.00 0.00 0.45 0.26 0.35 1.37
6 4 0.00 1125.00 0.00 0.59 0.30 0.32 1.66
6 4 0.00 1125.00 0.00 0.49 0.15 0.47 1.54
6 4 0.00 1125.00 0.00 0.35 0.04 0.50 1.32
6 4 0.00 1125.00 0.00 0.17 -0.06 0.50 1.13
6 4 0.00 1125.00 0.00 0.24 -0.04 0.63 1.49
6 4 0.00 1125.00 0.00 0.34 -0.11 0.04 0.74
14 0 0.00 1125.00 0.00 0.10 -0.10 0.15 0.41
14 0 0.00 1125.00 0.00 0.09 -0.10 0.26 0.59
14 2 0.00 1125.00 0.00 0.11 -0.10 0.39 0.87
14 2 0.00 1125.00 0.00 0.12 -0.09 0.33 0.75
14 1 0.00 1125.00 0.00 0.15 -0.17 0.47 1.09
14 1 0.00 1125.00 0.00 0.14 -0.17 0.53 1.22
14 1 0.00 1125.00 0.00 0.17 -0.15 0.57 1.34
14 3 0.00 1125.00 0.00 0.16 -0.06 0.22 0.56
14 3 0.00 1125.00 0.00 0.12 -0.02 0.03 0.26
14 3 0.00 1125.00 0.00 0.25 -0.02 0.12 0.57
14 0 0.00 1125.00 0.00 0.25 -0.04 0.16 0.61
14 1 0.00 1125.00 0.00 0.36 -0.07 0.27 0.96
14 1 0.00 1125.00 0.00 0.36 -0.08 0.31 1.00
14 1 0.00 1125.00 0.00 0.36 -0.05 0.23 0.90
14 0 0.00 1125.00 0.00 0.32 -0.08 0.28 0.89
14 0 0.00 1125.00 0.00 0.32 -0.07 0.25 0.84
14 0 0.00 1125.00 0.00 0.28 -0.17 0.39 1.06
14 0 0.00 1125.00 0.00 0.34 -0.17 0.53 1.40
14 0 0.00 1125.00 0.00 0.34 -0.16 0.48 1.31
14 0 0.00 1125.00 0.00 0.34 -0.14 0.44 1.22
14 0 0.00 1125.00 0.00 0.38 -0.12 0.45 1.29
14 0 0.00 1125.00 0.00 0.38 -0.14 0.49 1.38
14 3 0.00 1125.00 0.00 0.30 -0.19 0.47 1.25
14 1 0.00 1125.00 0.00 0.41 -0.12 0.36 1.19
14 3 0.00 1125.00 0.00 0.62 -0.45 0.30 1.93
14 3 0.00 1125.00 0.00 0.65 -0.42 0.25 1.89
14 0 0.00 1125.00 0.00 0.62 -0.39 0.16 1.70
14 0 0.00 1125.00 0.00 0.64 -0.37 0.13 1.68
14 0 0.00 1125.00 0.00 0.60 -0.38 0.13 1.61
14 0 0.00 1125.00 0.00 0.63 -0.33 0.06 1.60
14 0 0.00 1125.00 0.00 0.59 -0.35 0.07 1.52
14 0 0.00 1125.00 0.00 0.60 -0.32 0.03 1.51
14 0 0.00 1125.00 0.00 0.53 -0.36 0.04 1.40
14 0 0.00 1125.00 0.00 0.55 -0.33 0.01 1.40
14 0 0.00 1125.00 0.00 0.50 -0.35 0.01 1.31
14 2 0.00 1125.00 0.00 0.56 -0.58 -0.46 2.39
14 2 0.00 1125.00 0.00 0.50 -0.54 -0.53 2.26
14 2 0.00 1125.00 0.00 0.61 -0.63 -0.38 2.54
14 3 0.00 1125.00 0.00 -0.02 -0.91 -0.41 3.34
14 3 0.00 1125.00 0.00 -0.03 -0.86 -0.50 3.33
14 3 0.00 1125.00 0.00 -0.04 -0.81 -0.57 3.31
14 0 0.00 1125.00 0.00 0.05 -0.76 -0.62 3.48
14 0 0.00 1125.00 0.00 0.02 -0.74 -0.66 3.42
14 0 0.00 1125.00 0.00 0.09 -0.73 -0.65 3.53
6 4 0.00 1125.00 0.00 -0.05 -0.60 -0.79 3.41
6 4 0.00 1125.00 0.00 -0.03 -0.70 -0.69 3.50
6 4 0.00 1125.00 0.00 0.04 -0.64 -0.72 3.67
6 4 0.00 1125.00 0.00 0.07 -0.52 -0.82 3.63
6 4 0.00 1125.00 0.00 0.01 -0.49 -0.86 3.41
6 4 0.00 1125.00 0.00 -0.01 -0.38 -0.92 3.24
6 4 0.00 1125.00 0.00 0.08 -0.36 -0.89 3.70
6 4 0.00 1125.00 0.00 0.06 -0.27 -0.95 3.44
6 4 0.00 1125.00 0.00 0.03 -0.32 -0.95 3.25
6 4 0.00 1125.00 0.00 0.04 -0.23 -0.97 3.29
6 4 0.00 1125.00 0.00 0.03 -0.26 -0.96 3.16
6 4 0.00 1125.00 0.00 0.10 -0.29 -0.87 3.91
6 4 0.00 1125.00 0.00 0.09 -0.20 -0.95 3.61
6 4 0.00 1125.00 0.00 0.10 -0.10 -0.98 3.47
6 4 0.00 1125.00 0.00 0.12 -0.09 -0.94 3.77
6 4 0.00 1125.00 0.00 0.13 -0.18 -0.86 4.11
6 4 0.00 1125.00 0.00 0.07 -0.28 -0.79 4.28
6 4 0.00 1125.00 0.00 0.14 -0.22 -0.73 4.50
6 4 0.00 1125.00 0.00 -0.02 -0.40 -0.76 4.21
14 0 0.00 1125.00 0.00 -0.24 -0.32 -0.91 3.42
14 0 0.00 1125.00 0.00 -0.25 -0.27 -0.92 3.36
14 0 0.00 1125.00 0.00 -0.24 -0.23 -0.93 3.46
14 0 0.00 1125.00 0.00 -0.25 -0.21 -0.94 3.32
14 0 0.00 1125.00 0.00 -0.24 -0.17 -0.95 3.39
14 0 0.00 1125.00 0.00 -0.23 -0.18 -0.94 3.47
14 0 0.00 1125.00 0.00 -0.22 -0.19 -0.93 3.56
14 0 0.00 1125.00 0.00 -0.22 -0.19 -0.93 3.62
14 0 0.00 1125.00 0.00 -0.25 -0.28 -0.91 3.51
14 1 0.00 1125.00 0.00 -0.20 -0.47 -0.80 3.77
14 1 0.00 1125.00 0.00 -0.17 -0.38 -0.85 3.81
14 0 0.00 1125.00 0.00 -0.16 -0.35 -0.86 3.83
14 0 0.00 1125.00 0.00 -0.16 -0.39 -0.83 3.90
14 3 0.00 1125.00 0.00 -0.18 -0.35 -0.87 3.72
14 3 0.00 1125.00 0.00 -0.20 -0.35 -0.88 3.64
14 3 0.00 1125.00 0.00 -0.01 -0.57 -0.82 3.20
14 2 0.00 1125.00 0.00 -0.01 -0.48 -0.88 3.19
14 0 0.00 1125.00 0.00 0.10 -0.31 -0.90 3.74
14 0 0.00 1125.00 0.00 0.12 -0.28 -0.89 3.80
14 0 0.00 1125.00 0.00 0.12 -0.27 -0.92 3.70
6 4 0.00 1125.00 0.00 0.14 -0.15 -0.95 3.60
6 4 0.00 1125.00 0.00 0.13 -0.13 -0.98 3.20
6 4 0.00 1125.00 0.00 0.16 0.01 -0.97 3.48
6 4 0.00 1125.00 0.00 0.19 0.16 -0.96 3.36
6 4 0.00 1125.00 0.00 0.21 0.16 -0.96 3.10
6 4 0.00 1125.00 0.00 0.23 0.06 -0.96 2.91
6 4 0.00 1125.00 0.00 0.23 0.06 -0.96 2.91
6 4 0.00 1125.00 0.00 0.25 -0.07 -0.96 2.93
14 3 0.00 1125.00 0.00 0.48 -0.22 -0.85 3.21
14 3 0.00 1125.00 0.00 0.55 -0.44 -0.57 4.01
14 3 0.00 1125.00 0.00 0.58 -0.40 -0.61 3.91
14 0 0.00 1125.00 0.00 0.62 -0.32 -0.65 3.76
14 0 0.00 1125.00 0.00 0.62 -0.32 -0.65 3.76
14 2 0.00 1125.00 0.00 0.63 -0.28 -0.67 3.68
14 3 0.00 1125.00 0.00 0.54 -0.53 -0.64 3.43
14 3 0.00 1125.00 0.00 0.52 -0.55 -0.64 3.37
14 3 0.00 1125.00 0.00 0.49 -0.58 -0.65 3.29
6 4 0.00 1125.00 0.00 -0.32 -0.25 -0.91 3.10
6 4 0.00 1125.00 0.00 -0.29 -0.37 -0.88 3.22
6 4 0.00 1125.00 0.00 -0.23 -0.59 -0.76 3.40
6 4 0.00 1125.00 0.00 -0.25 -0.51 -0.82 3.36
6 4 0.00 1125.00 0.00 -0.27 -0.66 -0.70 3.18
6 4 0.00 1125.00 0.00 -0.40 -0.62 -0.65 2.82
6 4 0.00 1125.00 0.00 -0.46 -0.61 -0.59 2.61
6 4 0.00 1125.00 0.00 -0.53 -0.56 -0.53 2.42
6 4 0.00 1125.00 0.00 -0.60 -0.48 -0.55 2.44
14 0 0.00 1125.00 0.00 -0.11 -0.27 -0.95 3.07
14 0 0.00 1125.00 0.00 -0.10 -0.33 -0.94 3.13
14 3 0.00 1125.00 0.00 -0.13 -0.16 -0.98 3.00
6 4 0.00 1125.00 0.00 -0.27 -0.20 -0.93 2.86
6 4 0.00 1125.00 0.00 -0.30 -0.14 -0.92 2.73
6 4 0.00 1125.00 0.00 -0.28 -0.22 -0.87 2.43
6 4 0.00 1125.00 0.00 -0.26 -0.25 -0.90 2.63
6 4 0.00 1125.00 0.00 -0.22 -0.33 -0.89 2.72
6 4 0.00 1125.00 0.00 -0.20 -0.45 -0.86 2.91
6 4 0.00 1125.00 0.00 -0.18 -0.55 -0.79 2.79
6 4 0.00 1125.00 0.00 -0.25 -0.43 -0.84 2.72
6 4 0.00 1125.00 0.00 -0.30 -0.45 -0.78 2.49
14 3 0.00 1125.00 0.00 0.04 -0.03 -0.73 1.63
14 3 0.00 1125.00 0.00 0.10 -0.09 -0.72 1.65
14 1 0.00 1125.00 0.00 0.23 -0.19 -0.75 1.88
14 0 0.00 1125.00 0.00 0.23 -0.19 -0.77 1.95
14 1 0.00 1125.00 0.00 0.23 -0.23 -0.64 1.59
14 0 0.00 1125.00 0.00 0.26 -0.23 -0.68 1.75
14 0 0.00 1125.00 0.00 0.23 -0.20 -0.69 1.72
14 0 0.00 1125.00 0.00 0.21 -0.17 -0.70 1.70
14 0 0.00 1125.00 0.00 0.46 -0.47 -0.57 2.12
14 0 0.00 1125.00 0.00 0.48 -0.44 -0.60 2.18
14 0 0.00 1125.00 0.00 0.44 -0.43 -0.60 2.08
14 2 0.00 1125.00 0.00 0.34 -0.36 -0.65 1.90
14 0 0.00 1125.00 0.00 0.34 -0.03 -0.78 2.06
14 0 0.00 1125.00 0.00 0.34 -0.04 -0.76 1.97
14 1 0.00 1125.00 0.00 0.32 0.01 -0.79 2.03
14 1 0.00 1125.00 0.00 0.29 0.05 -0.78 1.99
14 1 0.00 1125.00 0.00 0.30 0.04 -0.81 2.08
14 0 0.00 1125.00 0.00 0.27 0.10 -0.72 1.78
14 0 0.00 1125.00 0.00 0.26 0.11 -0.75 1.85
14 1 0.00 1125.00 0.00 0.34 0.03 -0.75 1.91
14 0 0.00 1125.00 0.00 0.42 -0.04 -0.89 2.80
14 0 0.00 1125.00 0.00 0.41 -0.01 -0.89 2.69
14 0 0.00 1125.00 0.00 0.40 0.02 -0.90 2.77
14 0 0.00 1125.00 0.00 0.41 -0.01 -0.91 2.91
14 1 0.00 1125.00 0.00 0.39 0.08 -0.87 2.56
14 1 0.00 1125.00 0.00 0.40 0.03 -0.85 2.43
14 1 0.00 1125.00 0.00 0.36 0.10 -0.82 2.24
14 1 0.00 1125.00 0.00 0.35 0.12 -0.84 2.32
14 1 0.00 1125.00 0.00 0.44 -0.07 -0.78 2.23
14 0 0.00 1125.00 0.00 0.46 -0.21 -0.66 1.98
14 0 0.00 1125.00 0.00 0.49 -0.21 -0.68 2.09
14 0 0.00 1125.00 0.00 0.50 -0.26 -0.65 2.07
14 0 0.00 1125.00 0.00 0.47 -0.25 -0.64 1.97
14 2 0.00 1125.00 0.00 0.49 -0.34 -0.67 2.22
14 0 0.00 1125.00 0.00 0.43 -0.12 -0.84 2.52
14 0 0.00 1125.00 0.00 0.44 -0.14 -0.84 2.61
14 0 0.00 1125.00 0.00 0.45 -0.12 -0.86 2.69
14 0 0.00 1125.00 0.00 0.44 -0.09 -0.86 2.61
