6
data/MODEL/base.x
data/MODEL/utilityPole.x
data/MODEL/house000.x
data/MODEL/house002.x
data/MODEL/house003.x
data/MODEL/house001.x
57
13 0 0.00 0.00 0.00 0.00 0.00 0.00
6 1 104.75 0.00 240.25 0.00 0.00 0.00
6 1 -183.79 0.00 156.72 0.00 0.00 0.00
6 1 -176.72 0.00 -204.50 0.00 0.00 0.00
6 1 80.46 0.00 -286.67 0.00 0.00 0.00
6 1 242.03 0.00 -10.10 0.00 0.00 0.00
6 1 323.85 0.00 -256.92 0.00 0.00 0.00
6 1 618.20 0.00 -156.72 0.00 0.00 0.00
6 1 901.33 0.00 11.92 0.00 0.00 0.00
6 1 458.64 0.00 -499.91 0.00 0.00 0.00
6 1 698.64 0.00 -514.91 0.00 0.00 0.00
6 1 242.78 0.00 -623.70 0.00 0.00 0.00
6 1 -18.14 0.00 -869.62 0.00 0.00 0.00
6 1 -155.52 0.00 -514.31 0.00 0.00 0.00
6 1 -561.48 0.00 -468.34 0.00 0.00 0.00
6 1 -533.35 0.00 -23.14 0.00 0.00 0.00
6 1 -785.02 0.00 303.54 0.00 0.00 0.00
6 1 -346.67 0.00 518.60 0.00 0.00 0.00
6 1 440.96 0.00 464.96 0.00 0.00 0.00
6 1 76.76 0.00 818.30 0.00 0.00 0.00
6 1 579.31 0.00 200.75 0.00 0.00 0.00
13 2 699.41 0.00 -167.99 0.00 1.57 0.00
13 3 838.41 0.00 -253.10 0.00 3.53 0.00
13 4 584.25 0.00 -612.83 0.00 3.79 0.00
13 2 396.52 0.00 -495.52 0.00 4.04 0.00
13 2 258.58 0.00 -522.45 0.00 4.04 0.00
13 2 267.61 0.00 -318.88 0.00 4.04 0.00
13 2 301.41 0.00 -69.85 0.00 2.88 0.00
13 5 537.83 0.00 282.22 0.00 2.88 0.00
13 2 383.23 0.00 351.26 0.00 2.88 0.00
13 2 335.53 0.00 530.00 0.00 2.88 0.00
13 4 57.47 0.00 653.99 0.00 1.18 0.00
13 2 -66.42 0.00 813.57 0.00 2.42 0.00
13 2 -223.72 0.00 763.52 0.00 2.42 0.00
13 2 -347.68 0.00 654.62 0.00 2.42 0.00
13 2 -164.63 0.00 496.30 0.00 2.42 0.00
13 3 -504.02 0.00 322.47 0.00 1.35 0.00
13 4 -613.57 0.00 519.12 0.00 0.88 0.00
13 4 -757.77 0.00 71.25 0.00 -0.58 0.00
13 4 -727.94 0.00 -200.70 0.00 0.30 0.00
13 2 -463.63 0.00 -443.21 0.00 -0.23 0.00
13 2 -207.76 0.00 -448.25 0.00 -0.23 0.00
13 2 -236.19 0.00 -279.69 0.00 -0.23 0.00
13 5 -438.11 0.00 -239.62 0.00 -0.23 0.00
13 3 -493.39 0.00 -689.38 0.00 2.08 0.00
13 3 -361.69 0.00 -791.40 0.00 2.08 0.00
13 4 -204.60 0.00 -879.27 0.00 2.08 0.00
13 4 142.89 0.00 -883.05 0.00 1.35 0.00
13 2 338.07 0.00 -839.40 0.00 1.35 0.00
13 2 415.07 0.00 -704.22 0.00 0.86 0.00
13 5 29.48 0.00 -656.04 0.00 -0.28 0.00
13 3 881.94 0.00 231.22 0.00 -0.34 0.00
13 4 807.17 0.00 459.80 0.00 -0.64 0.00
13 4 690.84 0.00 616.30 0.00 -0.64 0.00
13 2 467.09 0.00 708.41 0.00 -1.06 0.00
13 2 338.04 0.00 788.69 0.00 -1.06 0.00
13 2 255.21 0.00 835.20 0.00 -1.06 0.00
