5
data/MODEL/house000.x
data/MODEL/house001.x
data/MODEL/house002.x
data/MODEL/house003.x
data/MODEL/utilityPole.x
64
14 0 0.00 1125.00 0.00 0.04 -0.00 -0.03 0.11
14 0 0.00 1125.00 0.00 0.04 0.00 -0.13 0.27
14 0 0.00 1125.00 0.00 0.04 0.01 -0.22 0.45
14 0 0.00 1125.00 0.00 0.51 0.50 -0.47 2.04
14 0 0.00 1125.00 0.00 0.53 0.47 -0.44 1.98
14 0 0.00 1125.00 0.00 0.56 0.44 -0.40 1.92
14 0 0.00 1125.00 0.00 0.50 0.47 -0.39 1.80
14 0 0.00 1125.00 0.00 0.47 0.50 -0.43 1.87
14 0 0.00 1125.00 0.00 0.55 0.42 -0.27 1.67
14 0 0.00 1125.00 0.00 0.53 0.38 -0.18 1.49
14 0 0.00 1125.00 0.00 0.60 0.33 -0.14 1.55
14 0 0.00 1125.00 0.00 0.58 0.27 -0.04 1.39
14 0 0.00 1125.00 0.00 0.54 0.27 -0.03 1.30
14 0 0.00 1125.00 0.00 0.43 0.32 -0.02 1.13
14 0 0.00 1125.00 0.00 0.41 0.34 -0.04 1.13
14 0 0.00 1125.00 0.00 0.40 0.35 -0.07 1.14
14 0 0.00 1125.00 0.00 0.29 0.36 -0.02 0.96
14 0 0.00 1125.00 0.00 0.24 0.37 -0.03 0.92
14 0 0.00 1125.00 0.00 0.42 0.58 -0.27 1.74
14 0 0.00 1125.00 0.00 0.42 0.57 -0.22 1.67
14 0 0.00 1125.00 0.00 0.35 0.60 -0.21 1.64
14 0 0.00 1125.00 0.00 0.36 0.60 -0.28 1.71
14 1 0.00 1125.00 0.00 0.22 0.55 0.11 1.30
14 1 0.00 1125.00 0.00 0.57 0.41 0.29 1.73
14 1 0.00 1125.00 0.00 0.54 0.42 0.28 1.65
14 1 0.00 1125.00 0.00 0.29 0.83 0.19 2.22
14 1 0.00 1125.00 0.00 0.60 0.73 0.23 2.67
14 1 0.00 1125.00 0.00 0.55 0.64 0.39 2.42
14 1 0.00 1125.00 0.00 0.47 0.74 0.25 2.30
14 2 0.00 1125.00 0.00 -0.36 -0.93 0.01 3.35
14 2 0.00 1125.00 0.00 -0.61 -0.67 -0.33 3.70
14 3 0.00 1125.00 0.00 -0.14 0.08 0.23 5.72
14 3 0.00 1125.00 0.00 -0.15 0.07 0.28 5.63
14 3 0.00 1125.00 0.00 -0.44 -0.02 0.03 5.37
14 3 0.00 1125.00 0.00 -0.51 -0.01 0.03 5.20
6 4 0.00 1125.00 0.00 -0.23 -0.21 0.40 5.23
6 4 0.00 1125.00 0.00 -0.29 -0.18 0.60 4.77
6 4 0.00 1125.00 0.00 -0.20 -0.22 0.51 5.01
6 4 0.00 1125.00 0.00 -0.43 -0.06 0.42 4.99
6 4 0.00 1125.00 0.00 -0.32 -0.09 0.34 5.30
6 4 0.00 1125.00 0.00 -0.26 -0.06 0.21 5.59
6 4 0.00 1125.00 0.00 -0.12 -0.10 0.24 5.70
6 4 0.00 1125.00 0.00 -0.14 -0.07 0.04 5.95
6 4 0.00 1125.00 0.00 -0.32 -0.05 0.06 5.61
6 4 0.00 1125.00 0.00 -0.44 -0.06 0.17 5.28
6 4 0.00 1125.00 0.00 -0.57 -0.01 0.07 5.07
6 4 0.00 1125.00 0.00 -0.60 -0.06 0.21 4.90
6 4 0.00 1125.00 0.00 -0.68 0.04 0.11 4.75
6 4 0.00 1125.00 0.00 -0.37 -0.23 0.43 4.96
6 4 0.00 1125.00 0.00 0.05 -0.00 0.07 0.17
6 4 0.00 1125.00 0.00 0.15 0.00 0.13 0.41
6 4 0.00 1125.00 0.00 0.09 -0.02 0.22 0.47
6 4 0.00 1125.00 0.00 0.24 0.02 0.24 0.70
6 4 0.00 1125.00 0.00 0.13 0.13 0.36 0.83
6 4 0.00 1125.00 0.00 0.21 0.14 0.45 1.09
6 4 0.00 1125.00 0.00 0.34 0.21 0.43 1.25
6 4 0.00 1125.00 0.00 0.33 0.27 0.31 1.11
6 4 0.00 1125.00 0.00 0.45 0.26 0.35 1.37
6 4 0.00 1125.00 0.00 0.59 0.30 0.32 1.66
6 4 0.00 1125.00 0.00 0.49 0.15 0.47 1.54
6 4 0.00 1125.00 0.00 0.35 0.04 0.50 1.32
6 4 0.00 1125.00 0.00 0.17 -0.06 0.50 1.13
6 4 0.00 1125.00 0.00 0.24 -0.04 0.63 1.49
6 4 0.00 1125.00 0.00 0.34 -0.11 0.04 0.74
